# 0.000000
0.000000 0.000000 1.000000
0.000000 1.000000 1.000000
0.000000 2.000000 1.000000
0.000000 3.000000 1.000000
0.000000 4.000000 1.000000
0.000000 5.000000 1.000000
0.000000 6.000000 1.000000
0.000000 7.000000 1.000000
0.000000 8.000000 1.000000
0.000000 9.000000 1.000000
0.000000 10.000000 1.000000

1.000000 0.000000 1.000000
1.000000 1.000000 1.000000
1.000000 2.000000 1.000000
1.000000 3.000000 1.000000
1.000000 4.000000 1.000000
1.000000 5.000000 1.000000
1.000000 6.000000 1.000000
1.000000 7.000000 1.000000
1.000000 8.000000 1.000000
1.000000 9.000000 1.000000
1.000000 10.000000 1.000000

2.000000 0.000000 1.000000
2.000000 1.000000 1.000000
2.000000 2.000000 1.000000
2.000000 3.000000 1.000000
2.000000 4.000000 1.000000
2.000000 5.000000 1.000000
2.000000 6.000000 1.000000
2.000000 7.000000 1.000000
2.000000 8.000000 1.000000
2.000000 9.000000 1.000000
2.000000 10.000000 1.000000

3.000000 0.000000 1.000000
3.000000 1.000000 1.000000
3.000000 2.000000 1.000000
3.000000 3.000000 1.000000
3.000000 4.000000 1.000000
3.000000 5.000000 1.000000
3.000000 6.000000 1.000000
3.000000 7.000000 1.000000
3.000000 8.000000 1.000000
3.000000 9.000000 1.000000
3.000000 10.000000 1.000000

4.000000 0.000000 1.000000
4.000000 1.000000 1.000000
4.000000 2.000000 1.000000
4.000000 3.000000 1.000000
4.000000 4.000000 1.000000
4.000000 5.000000 1.000000
4.000000 6.000000 1.000000
4.000000 7.000000 1.000000
4.000000 8.000000 1.000000
4.000000 9.000000 1.000000
4.000000 10.000000 1.000000

5.000000 0.000000 1.000000
5.000000 1.000000 1.000000
5.000000 2.000000 1.000000
5.000000 3.000000 1.000000
5.000000 4.000000 1.000000
5.000000 5.000000 1.000000
5.000000 6.000000 1.000000
5.000000 7.000000 1.000000
5.000000 8.000000 1.000000
5.000000 9.000000 1.000000
5.000000 10.000000 1.000000

6.000000 0.000000 1.000000
6.000000 1.000000 1.000000
6.000000 2.000000 1.000000
6.000000 3.000000 1.000000
6.000000 4.000000 1.000000
6.000000 5.000000 1.000000
6.000000 6.000000 1.000000
6.000000 7.000000 1.000000
6.000000 8.000000 1.000000
6.000000 9.000000 1.000000
6.000000 10.000000 1.000000

7.000000 0.000000 1.000000
7.000000 1.000000 1.000000
7.000000 2.000000 1.000000
7.000000 3.000000 1.000000
7.000000 4.000000 1.000000
7.000000 5.000000 1.000000
7.000000 6.000000 1.000000
7.000000 7.000000 1.000000
7.000000 8.000000 1.000000
7.000000 9.000000 1.000000
7.000000 10.000000 1.000000

8.000000 0.000000 1.000000
8.000000 1.000000 1.000000
8.000000 2.000000 1.000000
8.000000 3.000000 1.000000
8.000000 4.000000 1.000000
8.000000 5.000000 1.000000
8.000000 6.000000 1.000000
8.000000 7.000000 1.000000
8.000000 8.000000 1.000000
8.000000 9.000000 1.000000
8.000000 10.000000 1.000000

9.000000 0.000000 1.000000
9.000000 1.000000 1.000000
9.000000 2.000000 1.000000
9.000000 3.000000 1.000000
9.000000 4.000000 1.000000
9.000000 5.000000 1.000000
9.000000 6.000000 1.000000
9.000000 7.000000 1.000000
9.000000 8.000000 1.000000
9.000000 9.000000 1.000000
9.000000 10.000000 1.000000

10.000000 0.000000 1.000000
10.000000 1.000000 1.000000
10.000000 2.000000 1.000000
10.000000 3.000000 1.000000
10.000000 4.000000 1.000000
10.000000 5.000000 1.000000
10.000000 6.000000 1.000000
10.000000 7.000000 1.000000
10.000000 8.000000 1.000000
10.000000 9.000000 1.000000
10.000000 10.000000 1.000000



# 0.200000
0.000000 0.000000 1.000000
0.000000 1.000000 1.000000
0.000000 2.000000 1.000000
0.000000 3.000000 1.000000
0.000000 4.000000 1.000000
0.000000 5.000000 1.000000
0.000000 6.000000 1.000000
0.000000 7.000000 1.000000
0.000000 8.000000 1.000000
0.000000 9.000000 1.000000
0.000000 10.000000 1.000000

1.000000 0.000000 1.000000
1.000000 1.000000 1.200000
1.000000 2.000000 2.600000
1.000000 3.000000 6.400000
1.000000 4.000000 13.800000
1.000000 5.000000 26.000000
1.000000 6.000000 44.200000
1.000000 7.000000 69.600000
1.000000 8.000000 103.400000
1.000000 9.000000 146.800000
1.000000 10.000000 201.000000

2.000000 0.000000 1.000000
2.000000 1.000000 2.600000
2.000000 2.000000 13.800000
2.000000 3.000000 44.200000
2.000000 4.000000 103.400000
2.000000 5.000000 201.000000
2.000000 6.000000 346.600000
2.000000 7.000000 549.800000
2.000000 8.000000 820.200000
2.000000 9.000000 1167.400000
2.000000 10.000000 1601.000000

3.000000 0.000000 1.000000
3.000000 1.000000 6.400000
3.000000 2.000000 44.200000
3.000000 3.000000 146.800000
3.000000 4.000000 346.600000
3.000000 5.000000 676.000000
3.000000 6.000000 1167.400000
3.000000 7.000000 1853.200000
3.000000 8.000000 2765.800000
3.000000 9.000000 3937.600000
3.000000 10.000000 5401.000000

4.000000 0.000000 1.000000
4.000000 1.000000 13.800000
4.000000 2.000000 103.400000
4.000000 3.000000 346.600000
4.000000 4.000000 820.200000
4.000000 5.000000 1601.000000
4.000000 6.000000 2765.800000
4.000000 7.000000 4391.400000
4.000000 8.000000 6554.600000
4.000000 9.000000 9332.200000
4.000000 10.000000 12801.000000

5.000000 0.000000 1.000000
5.000000 1.000000 26.000000
5.000000 2.000000 201.000000
5.000000 3.000000 676.000000
5.000000 4.000000 1601.000000
5.000000 5.000000 3126.000000
5.000000 6.000000 5401.000000
5.000000 7.000000 8576.000000
5.000000 8.000000 12801.000000
5.000000 9.000000 18226.000000
5.000000 10.000000 25001.000000

6.000000 0.000000 1.000000
6.000000 1.000000 44.200000
6.000000 2.000000 346.600000
6.000000 3.000000 1167.400000
6.000000 4.000000 2765.800000
6.000000 5.000000 5401.000000
6.000000 6.000000 9332.200000
6.000000 7.000000 14818.600000
6.000000 8.000000 22119.400000
6.000000 9.000000 31493.800000
6.000000 10.000000 43201.000000

7.000000 0.000000 1.000000
7.000000 1.000000 69.600000
7.000000 2.000000 549.800000
7.000000 3.000000 1853.200000
7.000000 4.000000 4391.400000
7.000000 5.000000 8576.000000
7.000000 6.000000 14818.600000
7.000000 7.000000 23530.800000
7.000000 8.000000 35124.200000
7.000000 9.000000 50010.400000
7.000000 10.000000 68601.000000

8.000000 0.000000 1.000000
8.000000 1.000000 103.400000
8.000000 2.000000 820.200000
8.000000 3.000000 2765.800000
8.000000 4.000000 6554.600000
8.000000 5.000000 12801.000000
8.000000 6.000000 22119.400000
8.000000 7.000000 35124.200000
8.000000 8.000000 52429.800000
8.000000 9.000000 74650.600000
8.000000 10.000000 102401.000000

9.000000 0.000000 1.000000
9.000000 1.000000 146.800000
9.000000 2.000000 1167.400000
9.000000 3.000000 3937.600000
9.000000 4.000000 9332.200000
9.000000 5.000000 18226.000000
9.000000 6.000000 31493.800000
9.000000 7.000000 50010.400000
9.000000 8.000000 74650.600000
9.000000 9.000000 106289.200000
9.000000 10.000000 145801.000000

10.000000 0.000000 1.000000
10.000000 1.000000 201.000000
10.000000 2.000000 1601.000000
10.000000 3.000000 5401.000000
10.000000 4.000000 12801.000000
10.000000 5.000000 25001.000000
10.000000 6.000000 43201.000000
10.000000 7.000000 68601.000000
10.000000 8.000000 102401.000000
10.000000 9.000000 145801.000000
10.000000 10.000000 200001.000000



# 0.400000
0.000000 0.000000 1.000000
0.000000 1.000000 1.000000
0.000000 2.000000 1.000000
0.000000 3.000000 1.000000
0.000000 4.000000 1.000000
0.000000 5.000000 1.000000
0.000000 6.000000 1.000000
0.000000 7.000000 1.000000
0.000000 8.000000 1.000000
0.000000 9.000000 1.000000
0.000000 10.000000 1.000000

1.000000 0.000000 1.000000
1.000000 1.000000 1.400000
1.000000 2.000000 4.200000
1.000000 3.000000 11.800000
1.000000 4.000000 26.600000
1.000000 5.000000 51.000000
1.000000 6.000000 87.400000
1.000000 7.000000 138.200000
1.000000 8.000000 205.800000
1.000000 9.000000 292.600000
1.000000 10.000000 401.000000

2.000000 0.000000 1.000000
2.000000 1.000000 4.200000
2.000000 2.000000 26.600000
2.000000 3.000000 87.400000
2.000000 4.000000 205.800000
2.000000 5.000000 401.000000
2.000000 6.000000 692.200000
2.000000 7.000000 1098.600000
2.000000 8.000000 1639.400000
2.000000 9.000000 2333.800000
2.000000 10.000000 3201.000000

3.000000 0.000000 1.000000
3.000000 1.000000 11.800000
3.000000 2.000000 87.400000
3.000000 3.000000 292.600000
3.000000 4.000000 692.200000
3.000000 5.000000 1351.000000
3.000000 6.000000 2333.800000
3.000000 7.000000 3705.400000
3.000000 8.000000 5530.600000
3.000000 9.000000 7874.200000
3.000000 10.000000 10801.000000

4.000000 0.000000 1.000000
4.000000 1.000000 26.600000
4.000000 2.000000 205.800000
4.000000 3.000000 692.200000
4.000000 4.000000 1639.400000
4.000000 5.000000 3201.000000
4.000000 6.000000 5530.600000
4.000000 7.000000 8781.800000
4.000000 8.000000 13108.200000
4.000000 9.000000 18663.400000
4.000000 10.000000 25601.000000

5.000000 0.000000 1.000000
5.000000 1.000000 51.000000
5.000000 2.000000 401.000000
5.000000 3.000000 1351.000000
5.000000 4.000000 3201.000000
5.000000 5.000000 6251.000000
5.000000 6.000000 10801.000000
5.000000 7.000000 17151.000000
5.000000 8.000000 25601.000000
5.000000 9.000000 36451.000000
5.000000 10.000000 50001.000000

6.000000 0.000000 1.000000
6.000000 1.000000 87.400000
6.000000 2.000000 692.200000
6.000000 3.000000 2333.800000
6.000000 4.000000 5530.600000
6.000000 5.000000 10801.000000
6.000000 6.000000 18663.400000
6.000000 7.000000 29636.200000
6.000000 8.000000 44237.800000
6.000000 9.000000 62986.600000
6.000000 10.000000 86401.000000

7.000000 0.000000 1.000000
7.000000 1.000000 138.200000
7.000000 2.000000 1098.600000
7.000000 3.000000 3705.400000
7.000000 4.000000 8781.800000
7.000000 5.000000 17151.000000
7.000000 6.000000 29636.200000
7.000000 7.000000 47060.600000
7.000000 8.000000 70247.400000
7.000000 9.000000 100019.800000
7.000000 10.000000 137201.000000

8.000000 0.000000 1.000000
8.000000 1.000000 205.800000
8.000000 2.000000 1639.400000
8.000000 3.000000 5530.600000
8.000000 4.000000 13108.200000
8.000000 5.000000 25601.000000
8.000000 6.000000 44237.800000
8.000000 7.000000 70247.400000
8.000000 8.000000 104858.600000
8.000000 9.000000 149300.200000
8.000000 10.000000 204801.000000

9.000000 0.000000 1.000000
9.000000 1.000000 292.600000
9.000000 2.000000 2333.800000
9.000000 3.000000 7874.200000
9.000000 4.000000 18663.400000
9.000000 5.000000 36451.000000
9.000000 6.000000 62986.600000
9.000000 7.000000 100019.800000
9.000000 8.000000 149300.200000
9.000000 9.000000 212577.400000
9.000000 10.000000 291601.000000

10.000000 0.000000 1.000000
10.000000 1.000000 401.000000
10.000000 2.000000 3201.000000
10.000000 3.000000 10801.000000
10.000000 4.000000 25601.000000
10.000000 5.000000 50001.000000
10.000000 6.000000 86401.000000
10.000000 7.000000 137201.000000
10.000000 8.000000 204801.000000
10.000000 9.000000 291601.000000
10.000000 10.000000 400001.000000



# 0.600000
0.000000 0.000000 1.000000
0.000000 1.000000 1.000000
0.000000 2.000000 1.000000
0.000000 3.000000 1.000000
0.000000 4.000000 1.000000
0.000000 5.000000 1.000000
0.000000 6.000000 1.000000
0.000000 7.000000 1.000000
0.000000 8.000000 1.000000
0.000000 9.000000 1.000000
0.000000 10.000000 1.000000

1.000000 0.000000 1.000000
1.000000 1.000000 1.600000
1.000000 2.000000 5.800000
1.000000 3.000000 17.200000
1.000000 4.000000 39.400000
1.000000 5.000000 76.000000
1.000000 6.000000 130.600000
1.000000 7.000000 206.800000
1.000000 8.000000 308.200000
1.000000 9.000000 438.400000
1.000000 10.000000 601.000000

2.000000 0.000000 1.000000
2.000000 1.000000 5.800000
2.000000 2.000000 39.400000
2.000000 3.000000 130.600000
2.000000 4.000000 308.200000
2.000000 5.000000 601.000000
2.000000 6.000000 1037.800000
2.000000 7.000000 1647.400000
2.000000 8.000000 2458.600000
2.000000 9.000000 3500.200000
2.000000 10.000000 4801.000000

3.000000 0.000000 1.000000
3.000000 1.000000 17.200000
3.000000 2.000000 130.600000
3.000000 3.000000 438.400000
3.000000 4.000000 1037.800000
3.000000 5.000000 2026.000000
3.000000 6.000000 3500.200000
3.000000 7.000000 5557.600000
3.000000 8.000000 8295.400000
3.000000 9.000000 11810.800000
3.000000 10.000000 16201.000000

4.000000 0.000000 1.000000
4.000000 1.000000 39.400000
4.000000 2.000000 308.200000
4.000000 3.000000 1037.800000
4.000000 4.000000 2458.600000
4.000000 5.000000 4801.000000
4.000000 6.000000 8295.400000
4.000000 7.000000 13172.200000
4.000000 8.000000 19661.800000
4.000000 9.000000 27994.600000
4.000000 10.000000 38401.000000

5.000000 0.000000 1.000000
5.000000 1.000000 76.000000
5.000000 2.000000 601.000000
5.000000 3.000000 2026.000000
5.000000 4.000000 4801.000000
5.000000 5.000000 9376.000000
5.000000 6.000000 16201.000000
5.000000 7.000000 25726.000000
5.000000 8.000000 38401.000000
5.000000 9.000000 54676.000000
5.000000 10.000000 75001.000000

6.000000 0.000000 1.000000
6.000000 1.000000 130.600000
6.000000 2.000000 1037.800000
6.000000 3.000000 3500.200000
6.000000 4.000000 8295.400000
6.000000 5.000000 16201.000000
6.000000 6.000000 27994.600000
6.000000 7.000000 44453.800000
6.000000 8.000000 66356.200000
6.000000 9.000000 94479.400000
6.000000 10.000000 129601.000000

7.000000 0.000000 1.000000
7.000000 1.000000 206.800000
7.000000 2.000000 1647.400000
7.000000 3.000000 5557.600000
7.000000 4.000000 13172.200000
7.000000 5.000000 25726.000000
7.000000 6.000000 44453.800000
7.000000 7.000000 70590.400000
7.000000 8.000000 105370.600000
7.000000 9.000000 150029.200000
7.000000 10.000000 205801.000000

8.000000 0.000000 1.000000
8.000000 1.000000 308.200000
8.000000 2.000000 2458.600000
8.000000 3.000000 8295.400000
8.000000 4.000000 19661.800000
8.000000 5.000000 38401.000000
8.000000 6.000000 66356.200000
8.000000 7.000000 105370.600000
8.000000 8.000000 157287.400000
8.000000 9.000000 223949.800000
8.000000 10.000000 307201.000000

9.000000 0.000000 1.000000
9.000000 1.000000 438.400000
9.000000 2.000000 3500.200000
9.000000 3.000000 11810.800000
9.000000 4.000000 27994.600000
9.000000 5.000000 54676.000000
9.000000 6.000000 94479.400000
9.000000 7.000000 150029.200000
9.000000 8.000000 223949.800000
9.000000 9.000000 318865.600000
9.000000 10.000000 437401.000000

10.000000 0.000000 1.000000
10.000000 1.000000 601.000000
10.000000 2.000000 4801.000000
10.000000 3.000000 16201.000000
10.000000 4.000000 38401.000000
10.000000 5.000000 75001.000000
10.000000 6.000000 129601.000000
10.000000 7.000000 205801.000000
10.000000 8.000000 307201.000000
10.000000 9.000000 437401.000000
10.000000 10.000000 600001.000000



# 0.800000
0.000000 0.000000 1.000000
0.000000 1.000000 1.000000
0.000000 2.000000 1.000000
0.000000 3.000000 1.000000
0.000000 4.000000 1.000000
0.000000 5.000000 1.000000
0.000000 6.000000 1.000000
0.000000 7.000000 1.000000
0.000000 8.000000 1.000000
0.000000 9.000000 1.000000
0.000000 10.000000 1.000000

1.000000 0.000000 1.000000
1.000000 1.000000 1.800000
1.000000 2.000000 7.400000
1.000000 3.000000 22.600000
1.000000 4.000000 52.200000
1.000000 5.000000 101.000000
1.000000 6.000000 173.800000
1.000000 7.000000 275.400000
1.000000 8.000000 410.600000
1.000000 9.000000 584.200000
1.000000 10.000000 801.000000

2.000000 0.000000 1.000000
2.000000 1.000000 7.400000
2.000000 2.000000 52.200000
2.000000 3.000000 173.800000
2.000000 4.000000 410.600000
2.000000 5.000000 801.000000
2.000000 6.000000 1383.400000
2.000000 7.000000 2196.200000
2.000000 8.000000 3277.800000
2.000000 9.000000 4666.600000
2.000000 10.000000 6401.000000

3.000000 0.000000 1.000000
3.000000 1.000000 22.600000
3.000000 2.000000 173.800000
3.000000 3.000000 584.200000
3.000000 4.000000 1383.400000
3.000000 5.000000 2701.000000
3.000000 6.000000 4666.600000
3.000000 7.000000 7409.800000
3.000000 8.000000 11060.200000
3.000000 9.000000 15747.400000
3.000000 10.000000 21601.000000

4.000000 0.000000 1.000000
4.000000 1.000000 52.200000
4.000000 2.000000 410.600000
4.000000 3.000000 1383.400000
4.000000 4.000000 3277.800000
4.000000 5.000000 6401.000000
4.000000 6.000000 11060.200000
4.000000 7.000000 17562.600000
4.000000 8.000000 26215.400000
4.000000 9.000000 37325.800000
4.000000 10.000000 51201.000000

5.000000 0.000000 1.000000
5.000000 1.000000 101.000000
5.000000 2.000000 801.000000
5.000000 3.000000 2701.000000
5.000000 4.000000 6401.000000
5.000000 5.000000 12501.000000
5.000000 6.000000 21601.000000
5.000000 7.000000 34301.000000
5.000000 8.000000 51201.000000
5.000000 9.000000 72901.000000
5.000000 10.000000 100001.000000

6.000000 0.000000 1.000000
6.000000 1.000000 173.800000
6.000000 2.000000 1383.400000
6.000000 3.000000 4666.600000
6.000000 4.000000 11060.200000
6.000000 5.000000 21601.000000
6.000000 6.000000 37325.800000
6.000000 7.000000 59271.400000
6.000000 8.000000 88474.600000
6.000000 9.000000 125972.200000
6.000000 10.000000 172801.000000

7.000000 0.000000 1.000000
7.000000 1.000000 275.400000
7.000000 2.000000 2196.200000
7.000000 3.000000 7409.800000
7.000000 4.000000 17562.600000
7.000000 5.000000 34301.000000
7.000000 6.000000 59271.400000
7.000000 7.000000 94120.200000
7.000000 8.000000 140493.800000
7.000000 9.000000 200038.600000
7.000000 10.000000 274401.000000

8.000000 0.000000 1.000000
8.000000 1.000000 410.600000
8.000000 2.000000 3277.800000
8.000000 3.000000 11060.200000
8.000000 4.000000 26215.400000
8.000000 5.000000 51201.000000
8.000000 6.000000 88474.600000
8.000000 7.000000 140493.800000
8.000000 8.000000 209716.200000
8.000000 9.000000 298599.400000
8.000000 10.000000 409601.000000

9.000000 0.000000 1.000000
9.000000 1.000000 584.200000
9.000000 2.000000 4666.600000
9.000000 3.000000 15747.400000
9.000000 4.000000 37325.800000
9.000000 5.000000 72901.000000
9.000000 6.000000 125972.200000
9.000000 7.000000 200038.600000
9.000000 8.000000 298599.400000
9.000000 9.000000 425153.800000
9.000000 10.000000 583201.000000

10.000000 0.000000 1.000000
10.000000 1.000000 801.000000
10.000000 2.000000 6401.000000
10.000000 3.000000 21601.000000
10.000000 4.000000 51201.000000
10.000000 5.000000 100001.000000
10.000000 6.000000 172801.000000
10.000000 7.000000 274401.000000
10.000000 8.000000 409601.000000
10.000000 9.000000 583201.000000
10.000000 10.000000 800001.000000



